Gradient (backprop) final perturbation matrix  M_bp  (16x16):
[[ 0.912  0.019  0.074 -0.024  0.027  0.012  0.013 -0.002  0.008  0.002  0.007  0.015  0.002 -0.011 -0.005  0.005]
 [ 0.019  0.874  0.131 -0.031  0.025  0.007  0.032 -0.001  0.024 -0.008  0.024  0.025  0.015 -0.037  0.01   0.025]
 [ 0.074  0.131  0.705  0.078 -0.051 -0.038 -0.069 -0.012 -0.044  0.024 -0.034 -0.083 -0.029  0.066 -0.033 -0.057]
 [-0.024 -0.031  0.078  0.972  0.004  0.012  0.021 -0.001 -0.    -0.008  0.017  0.024  0.004 -0.02   0.008  0.015]
 [ 0.027  0.025 -0.051  0.004  0.933 -0.022 -0.014 -0.006 -0.001  0.016 -0.006 -0.016  0.019  0.016 -0.003 -0.025]
 [ 0.012  0.007 -0.038  0.012 -0.022  1.02   0.003 -0.018 -0.006  0.014 -0.001 -0.007  0.012  0.007  0.003 -0.012]
 [ 0.013  0.032 -0.069  0.021 -0.014  0.003  1.006 -0.002  0.004  0.005 -0.015  0.001 -0.022  0.002  0.009  0.006]
 [-0.002 -0.001 -0.012 -0.001 -0.006 -0.018 -0.002  0.994  0.006 -0.012  0.008 -0.012 -0.012  0.014 -0.018  0.006]
 [ 0.008  0.024 -0.044 -0.    -0.001 -0.006  0.004  0.006  1.002  0.012 -0.011 -0.008 -0.011  0.009 -0.003 -0.006]
 [ 0.002 -0.008  0.024 -0.008  0.016  0.014  0.005 -0.012  0.012  0.997 -0.011 -0.008 -0.018  0.003 -0.012  0.015]
 [ 0.007  0.024 -0.034  0.017 -0.006 -0.001 -0.015  0.008 -0.011 -0.011  1.003  0.008 -0.016  0.002 -0.005 -0.011]
 [ 0.015  0.025 -0.083  0.024 -0.016 -0.007  0.001 -0.012 -0.008 -0.008  0.008  0.969 -0.012  0.035 -0.02  -0.006]
 [ 0.002  0.015 -0.029  0.004  0.019  0.012 -0.022 -0.012 -0.011 -0.018 -0.016 -0.012  0.992  0.001 -0.003  0.005]
 [-0.011 -0.037  0.066 -0.02   0.016  0.007  0.002  0.014  0.009  0.003  0.002  0.035  0.001  0.972  0.012  0.005]
 [-0.005  0.01  -0.033  0.008 -0.003  0.003  0.009 -0.018 -0.003 -0.012 -0.005 -0.02  -0.003  0.012  0.983 -0.007]
 [ 0.005  0.025 -0.057  0.015 -0.025 -0.012  0.006  0.006 -0.006  0.015 -0.011 -0.006  0.005  0.005 -0.007  0.958]]

||M_bp - I||_F = 0.5273

======================================================================

CMA-ES (evolved) final perturbation matrix  M_evo  (16x16):
[[ 0.997  0.001  0.001 -0.011 -0.     0.001  0.001 -0.013 -0.003 -0.007 -0.004 -0.003 -0.006 -0.008 -0.004 -0.003]
 [ 0.001  0.959  0.029 -0.012  0.009  0.012  0.015 -0.003  0.009  0.004  0.007  0.014 -0.    -0.     0.006  0.006]
 [ 0.001  0.029  0.96   0.024 -0.009 -0.016 -0.023 -0.001 -0.011 -0.004 -0.01  -0.009 -0.015 -0.005 -0.004 -0.007]
 [-0.011 -0.012  0.024  0.99   0.001  0.006  0.005 -0.002  0.003  0.002  0.003  0.001 -0.001 -0.001 -0.002  0.001]
 [-0.     0.009 -0.009  0.001  0.989  0.001  0.    -0.007  0.007 -0.004 -0.008 -0.003 -0.001 -0.004  0.006 -0.001]
 [ 0.001  0.012 -0.016  0.006  0.001  1.005 -0.001 -0.004  0.01  -0.002  0.003 -0.004  0.005 -0.002  0.005  0.01 ]
 [ 0.001  0.015 -0.023  0.005  0.    -0.001  0.998 -0.014 -0.003  0.001  0.008  0.004  0.012  0.004  0.006  0.011]
 [-0.013 -0.003 -0.001 -0.002 -0.007 -0.004 -0.014  0.995 -0.005 -0.005  0.013  0.012 -0.008 -0.009 -0.01  -0.005]
 [-0.003  0.009 -0.011  0.003  0.007  0.01  -0.003 -0.005  0.997 -0.003  0.014  0.005 -0.01  -0.015 -0.001  0.005]
 [-0.007  0.004 -0.004  0.002 -0.004 -0.002  0.001 -0.005 -0.003  0.997 -0.007  0.007 -0.014  0.003 -0.011 -0.004]
 [-0.004  0.007 -0.01   0.003 -0.008  0.003  0.008  0.013  0.014 -0.007  0.988  0.014 -0.005  0.004 -0.003  0.002]
 [-0.003  0.014 -0.009  0.001 -0.003 -0.004  0.004  0.012  0.005  0.007  0.014  1.004  0.006 -0.007 -0.001 -0.006]
 [-0.006 -0.    -0.015 -0.001 -0.001  0.005  0.012 -0.008 -0.01  -0.014 -0.005  0.006  0.998 -0.003  0.002 -0.005]
 [-0.008 -0.    -0.005 -0.001 -0.004 -0.002  0.004 -0.009 -0.015  0.003  0.004 -0.007 -0.003  1.002  0.    -0.   ]
 [-0.004  0.006 -0.004 -0.002  0.006  0.005  0.006 -0.01  -0.001 -0.011 -0.003 -0.001  0.002  0.     1.003 -0.017]
 [-0.003  0.006 -0.007  0.001 -0.001  0.01   0.011 -0.005  0.005 -0.004  0.002 -0.006 -0.005 -0.    -0.017  1.   ]]

||M_evo - I||_F = 0.1406
